19
OM920035.1 0.0000000 0.0047505 0.0054343 0.0040695 0.0040695 0.0047505 0.0047502 0.0047532 0.0027101 0.0013537 0.0047505 0.0047505 0.0020328 0.0047504 0.0047504 0.0047505 0.0027102 0.0054318 0.0047563 
OM920036.1 0.0047505 0.0000000 0.0020326 0.0006762 0.0006762 0.0013537 0.0013537 0.0013545 0.0047505 0.0033893 0.0013537 0.0013537 0.0040723 0.0013537 0.0013537 0.0000010 0.0033894 0.0020317 0.0013554 
OM920045.1 0.0054343 0.0020326 0.0000000 0.0013543 0.0013543 0.0020326 0.0020325 0.0020338 0.0054344 0.0040717 0.0020326 0.0020326 0.0047558 0.0020326 0.0020326 0.0020326 0.0040718 0.0027115 0.0020351 
OM920046.1 0.0040695 0.0006762 0.0013543 0.0000000 0.0000010 0.0006762 0.0006762 0.0006766 0.0040695 0.0027102 0.0006762 0.0006762 0.0033913 0.0006762 0.0006762 0.0006762 0.0027102 0.0013537 0.0006771 
OM920047.1 0.0040695 0.0006762 0.0013543 0.0000010 0.0000000 0.0006762 0.0006762 0.0006766 0.0040695 0.0027102 0.0006762 0.0006762 0.0033913 0.0006762 0.0006762 0.0006762 0.0027102 0.0013537 0.0006771 
OM920048.1 0.0047505 0.0013537 0.0020326 0.0006762 0.0006762 0.0000000 0.0013537 0.0013545 0.0047505 0.0033893 0.0013537 0.0013537 0.0040723 0.0013537 0.0013537 0.0013537 0.0033894 0.0020317 0.0013554 
OM920049.1 0.0047502 0.0013537 0.0020325 0.0006762 0.0006762 0.0013537 0.0000000 0.0013544 0.0047502 0.0033891 0.0013537 0.0013537 0.0040721 0.0013536 0.0013536 0.0013537 0.0033892 0.0020316 0.0013553 
OM920050.1 0.0047532 0.0013545 0.0020338 0.0006766 0.0006766 0.0013545 0.0013544 0.0000000 0.0047532 0.0033912 0.0013545 0.0013545 0.0040746 0.0013545 0.0013545 0.0013545 0.0033913 0.0020328 0.0013562 
OM920051.1 0.0027101 0.0047505 0.0054344 0.0040695 0.0040695 0.0047505 0.0047502 0.0047532 0.0000000 0.0013537 0.0047505 0.0047505 0.0006767 0.0047504 0.0047504 0.0047505 0.0027102 0.0054318 0.0047563 
OM920052.1 0.0013537 0.0033893 0.0040717 0.0027102 0.0027102 0.0033893 0.0033891 0.0033912 0.0013537 0.0000000 0.0033893 0.0033893 0.0006767 0.0033892 0.0033892 0.0033893 0.0013538 0.0040698 0.0033935 
OM920053.1 0.0047505 0.0013537 0.0020326 0.0006762 0.0006762 0.0013537 0.0013537 0.0013545 0.0047505 0.0033893 0.0000000 0.0013537 0.0040723 0.0013537 0.0013537 0.0013537 0.0033894 0.0020317 0.0013554 
OM920054.1 0.0047505 0.0013537 0.0020326 0.0006762 0.0006762 0.0013537 0.0013537 0.0013545 0.0047505 0.0033893 0.0013537 0.0000000 0.0040723 0.0013537 0.0013537 0.0013537 0.0033894 0.0020317 0.0013554 
OM920055.1 0.0020328 0.0040723 0.0047558 0.0033913 0.0033913 0.0040723 0.0040721 0.0040746 0.0006767 0.0006767 0.0040723 0.0040723 0.0000000 0.0040722 0.0040722 0.0040723 0.0020330 0.0047535 0.0040773 
OM920057.1 0.0047504 0.0013537 0.0020326 0.0006762 0.0006762 0.0013537 0.0013536 0.0013545 0.0047504 0.0033892 0.0013537 0.0013537 0.0040722 0.0000000 0.0000010 0.0013537 0.0033893 0.0020316 0.0013554 
OM920060.1 0.0047504 0.0013537 0.0020326 0.0006762 0.0006762 0.0013537 0.0013536 0.0013545 0.0047504 0.0033892 0.0013537 0.0013537 0.0040722 0.0000010 0.0000000 0.0013537 0.0033893 0.0020316 0.0013554 
OM920061.1 0.0047505 0.0000010 0.0020326 0.0006762 0.0006762 0.0013537 0.0013537 0.0013545 0.0047505 0.0033893 0.0013537 0.0013537 0.0040723 0.0013537 0.0013537 0.0000000 0.0033894 0.0020317 0.0013554 
OM920062.1 0.0027102 0.0033894 0.0040718 0.0027102 0.0027102 0.0033894 0.0033892 0.0033913 0.0027102 0.0013538 0.0033894 0.0033894 0.0020330 0.0033893 0.0033893 0.0033894 0.0000000 0.0040699 0.0033936 
OM920064.1 0.0054318 0.0020317 0.0027115 0.0013537 0.0013537 0.0020317 0.0020316 0.0020328 0.0054318 0.0040698 0.0020317 0.0020317 0.0047535 0.0020316 0.0020316 0.0020317 0.0040699 0.0000000 0.0020341 
OM920065.1 0.0047563 0.0013554 0.0020351 0.0006771 0.0006771 0.0013554 0.0013553 0.0013562 0.0047563 0.0033935 0.0013554 0.0013554 0.0040773 0.0013554 0.0013554 0.0013554 0.0033936 0.0020341 0.0000000 
