23
OM920035.1 0.0000000 0.0047507 0.0047507 0.0027104 0.0047535 0.0040694 0.0040718 0.0040694 0.0047505 0.0054349 0.0047507 0.0047505 0.0047534 0.0027102 0.0013534 0.0047507 0.0047507 0.0020329 0.0047506 0.0047506 0.0027104 0.0054323 0.0047565 
OM920036.1 0.0047507 0.0000000 0.0000010 0.0033899 0.0013545 0.0006765 0.0006769 0.0006765 0.0013534 0.0020327 0.0013535 0.0013534 0.0013543 0.0047508 0.0033898 0.0013535 0.0013535 0.0040722 0.0013535 0.0013535 0.0033899 0.0020317 0.0013552 
OM920037.1 0.0047507 0.0000010 0.0000000 0.0033899 0.0013545 0.0006765 0.0006769 0.0006765 0.0013534 0.0020327 0.0013535 0.0013534 0.0013543 0.0047508 0.0033898 0.0013535 0.0013535 0.0040722 0.0013535 0.0013535 0.0033899 0.0020317 0.0013552 
OM920038.1 0.0027104 0.0033899 0.0033899 0.0000000 0.0033915 0.0027104 0.0027120 0.0027104 0.0033897 0.0040717 0.0033899 0.0033897 0.0033918 0.0027104 0.0013535 0.0033899 0.0033899 0.0020330 0.0033898 0.0033898 0.0000010 0.0040698 0.0033940 
OM920039.1 0.0047535 0.0013545 0.0013545 0.0033915 0.0000000 0.0006767 0.0006771 0.0006767 0.0013544 0.0020333 0.0013545 0.0013544 0.0013552 0.0047535 0.0033914 0.0013545 0.0013545 0.0040739 0.0013544 0.0013544 0.0033915 0.0000024 0.0013561 
OM920040.1 0.0040694 0.0006765 0.0006765 0.0027104 0.0006767 0.0000000 0.0000010 0.0000010 0.0006764 0.0013541 0.0006765 0.0006764 0.0006768 0.0040694 0.0027103 0.0006765 0.0006765 0.0033917 0.0006764 0.0006764 0.0027104 0.0013534 0.0006773 
OM920041.1 0.0040718 0.0006769 0.0006769 0.0027120 0.0006771 0.0000010 0.0000000 0.0000010 0.0006768 0.0013549 0.0006769 0.0006768 0.0006772 0.0040719 0.0027119 0.0006769 0.0006769 0.0033938 0.0006768 0.0006768 0.0027120 0.0013542 0.0006777 
OM920042.1 0.0040694 0.0006765 0.0006765 0.0027104 0.0006767 0.0000010 0.0000010 0.0000000 0.0006764 0.0013541 0.0006765 0.0006764 0.0006768 0.0040694 0.0027103 0.0006765 0.0006765 0.0033917 0.0006764 0.0006764 0.0027104 0.0013534 0.0006773 
OM920044.1 0.0047505 0.0013534 0.0013534 0.0033897 0.0013544 0.0006764 0.0006768 0.0006764 0.0000000 0.0020326 0.0013534 0.0013533 0.0013542 0.0047505 0.0033896 0.0013534 0.0013534 0.0040720 0.0013534 0.0013534 0.0033897 0.0020316 0.0013551 
OM920045.1 0.0054349 0.0020327 0.0020327 0.0040717 0.0020333 0.0013541 0.0013549 0.0013541 0.0020326 0.0000000 0.0020327 0.0020326 0.0020338 0.0054349 0.0040716 0.0020327 0.0020327 0.0047560 0.0020326 0.0020326 0.0040717 0.0027117 0.0020352 
OM920048.1 0.0047507 0.0013535 0.0013535 0.0033899 0.0013545 0.0006765 0.0006769 0.0006765 0.0013534 0.0020327 0.0000000 0.0013534 0.0013543 0.0047508 0.0033898 0.0013535 0.0013535 0.0040722 0.0013535 0.0013535 0.0033899 0.0020317 0.0013552 
OM920049.1 0.0047505 0.0013534 0.0013534 0.0033897 0.0013544 0.0006764 0.0006768 0.0006764 0.0013533 0.0020326 0.0013534 0.0000000 0.0013542 0.0047505 0.0033896 0.0013534 0.0013534 0.0040720 0.0013534 0.0013534 0.0033897 0.0020316 0.0013551 
OM920050.1 0.0047534 0.0013543 0.0013543 0.0033918 0.0013552 0.0006768 0.0006772 0.0006768 0.0013542 0.0020338 0.0013543 0.0013542 0.0000000 0.0047534 0.0033917 0.0013543 0.0013543 0.0040745 0.0013542 0.0013542 0.0033918 0.0020329 0.0013559 
OM920051.1 0.0027102 0.0047508 0.0047508 0.0027104 0.0047535 0.0040694 0.0040719 0.0040694 0.0047505 0.0054349 0.0047508 0.0047505 0.0047534 0.0000000 0.0013534 0.0047508 0.0047508 0.0006769 0.0047506 0.0047506 0.0027104 0.0054323 0.0047566 
OM920052.1 0.0013534 0.0033898 0.0033898 0.0013535 0.0033914 0.0027103 0.0027119 0.0027103 0.0033896 0.0040716 0.0033898 0.0033896 0.0033917 0.0013534 0.0000000 0.0033898 0.0033898 0.0006769 0.0033897 0.0033897 0.0013535 0.0040697 0.0033939 
OM920053.1 0.0047507 0.0013535 0.0013535 0.0033899 0.0013545 0.0006765 0.0006769 0.0006765 0.0013534 0.0020327 0.0013535 0.0013534 0.0013543 0.0047508 0.0033898 0.0000000 0.0013535 0.0040722 0.0013535 0.0013535 0.0033899 0.0020317 0.0013552 
OM920054.1 0.0047507 0.0013535 0.0013535 0.0033899 0.0013545 0.0006765 0.0006769 0.0006765 0.0013534 0.0020327 0.0013535 0.0013534 0.0013543 0.0047508 0.0033898 0.0013535 0.0000000 0.0040722 0.0013535 0.0013535 0.0033899 0.0020317 0.0013552 
OM920055.1 0.0020329 0.0040722 0.0040722 0.0020330 0.0040739 0.0033917 0.0033938 0.0033917 0.0040720 0.0047560 0.0040722 0.0040720 0.0040745 0.0006769 0.0006769 0.0040722 0.0040722 0.0000000 0.0040721 0.0040721 0.0020330 0.0047538 0.0040772 
OM920057.1 0.0047506 0.0013535 0.0013535 0.0033898 0.0013544 0.0006764 0.0006768 0.0006764 0.0013534 0.0020326 0.0013535 0.0013534 0.0013542 0.0047506 0.0033897 0.0013535 0.0013535 0.0040721 0.0000000 0.0000010 0.0033898 0.0020317 0.0013551 
OM920060.1 0.0047506 0.0013535 0.0013535 0.0033898 0.0013544 0.0006764 0.0006768 0.0006764 0.0013534 0.0020326 0.0013535 0.0013534 0.0013542 0.0047506 0.0033897 0.0013535 0.0013535 0.0040721 0.0000010 0.0000000 0.0033898 0.0020317 0.0013551 
OM920062.1 0.0027104 0.0033899 0.0033899 0.0000010 0.0033915 0.0027104 0.0027120 0.0027104 0.0033897 0.0040717 0.0033899 0.0033897 0.0033918 0.0027104 0.0013535 0.0033899 0.0033899 0.0020330 0.0033898 0.0033898 0.0000000 0.0040698 0.0033940 
OM920064.1 0.0054323 0.0020317 0.0020317 0.0040698 0.0000024 0.0013534 0.0013542 0.0013534 0.0020316 0.0027117 0.0020317 0.0020316 0.0020329 0.0054323 0.0040697 0.0020317 0.0020317 0.0047538 0.0020317 0.0020317 0.0040698 0.0000000 0.0020342 
OM920065.1 0.0047565 0.0013552 0.0013552 0.0033940 0.0013561 0.0006773 0.0006777 0.0006773 0.0013551 0.0020352 0.0013552 0.0013551 0.0013559 0.0047566 0.0033939 0.0013552 0.0013552 0.0040772 0.0013551 0.0013551 0.0033940 0.0020342 0.0000000 
