181
OM920075.1 0.0000000 0.0006741 0.0006742 0.0013512 0.0006742 0.0020310 0.0000010 0.0020270 0.0013512 0.0013512 0.0006742 0.0013530 0.0013498 0.0006748 0.0006757 0.0013511 0.0013511 0.0013512 0.0027105 0.0013543 0.0020310 0.0006742 0.0006741 0.0000010 0.0013522 0.0027112 0.0013512 0.0027103 0.0006748 0.0013498 0.0000027 0.0006774 0.0020310 0.0006749 0.0000010 0.0090690 0.0013498 0.0013512 0.0006749 0.0013498 0.0020359 0.0006748 0.0033926 0.0013512 0.0013498 0.0013512 0.0006742 0.0006742 0.0006741 0.0013498 0.0013498 0.0000027 0.0006756 0.0013498 0.0013498 0.0006753 0.0020290 0.0000022 0.0033947 0.0006742 0.0013498 0.0013498 0.0013512 0.0006742 0.0006749 0.0020310 0.0000010 0.0006748 0.0006757 0.0006742 0.0006749 0.0020303 0.0020316 0.0013498 0.0006741 0.0013498 0.0020317 0.0020316 0.0006753 0.0006741 0.0020290 0.0006741 0.0013512 0.0054980 0.0000027 0.0027127 0.0020270 0.0006749 0.0006753 0.0000026 0.0027055 0.0013512 0.0013498 0.0006744 0.0013497 0.0020316 0.0020349 0.0006757 0.0013512 0.0013498 0.0006748 0.0006748 0.0006742 0.0013512 0.0013520 0.0013530 0.0020289 0.0027063 0.0013512 0.0020317 0.0027127 0.0000010 0.0006742 0.0006748 0.0006748 0.0006742 0.0006748 0.0006741 0.0013512 0.0013521 0.0013498 0.0013512 0.0006741 0.0013498 0.0013498 0.0013498 0.0013528 0.0013498 0.0013512 0.0013498 0.0006742 0.0027056 0.0006742 0.0000010 0.0013498 0.0013498 0.0006748 0.0013498 0.0013498 0.0013518 0.0020270 0.0013498 0.0000026 0.0013498 0.0006741 0.0013512 0.0020270 0.0033928 0.0013498 0.0027084 0.0006742 0.0020290 0.0020290 0.0027082 0.0013498 0.0020290 0.0020289 0.0020290 0.0027111 0.0020312 0.0027111 0.0020318 0.0013529 0.0020310 0.0013534 0.0020290 0.0033888 0.0040795 0.0020310 0.0006742 0.0006757 0.0006741 0.0013498 0.0020338 0.0020312 0.0006749 0.0006744 0.0006748 0.0027168 0.0006749 0.0000027 
OM920076.1 0.0006741 0.0000000 0.0013498 0.0006748 0.0013498 0.0027109 0.0006741 0.0027055 0.0020289 0.0020289 0.0013498 0.0020316 0.0020269 0.0013511 0.0013528 0.0020288 0.0020288 0.0020290 0.0033924 0.0020336 0.0027109 0.0013498 0.0013497 0.0006744 0.0020304 0.0033926 0.0020289 0.0033915 0.0013511 0.0020268 0.0006753 0.0013569 0.0027109 0.0013512 0.0006744 0.0097772 0.0020268 0.0020289 0.0013512 0.0020269 0.0027175 0.0013511 0.0040754 0.0020289 0.0020268 0.0020290 0.0013498 0.0013498 0.0013497 0.0020269 0.0020269 0.0006768 0.0013526 0.0020268 0.0020268 0.0013521 0.0027082 0.0006769 0.0040779 0.0013498 0.0020269 0.0020269 0.0020290 0.0013498 0.0013512 0.0027102 0.0006744 0.0013511 0.0013528 0.0013498 0.0013512 0.0027099 0.0027117 0.0020269 0.0013497 0.0020268 0.0027118 0.0027117 0.0013521 0.0013497 0.0027082 0.0000010 0.0020289 0.0061919 0.0006772 0.0033945 0.0027055 0.0013512 0.0013520 0.0006748 0.0033854 0.0020290 0.0020269 0.0013503 0.0020267 0.0027117 0.0027161 0.0013529 0.0020289 0.0020268 0.0013511 0.0013511 0.0013498 0.0020290 0.0020302 0.0020316 0.0027081 0.0033864 0.0020289 0.0027119 0.0033945 0.0006759 0.0013498 0.0013511 0.0013511 0.0013498 0.0013511 0.0013497 0.0020290 0.0020303 0.0020268 0.0020290 0.0013497 0.0020268 0.0020268 0.0020268 0.0020314 0.0020269 0.0020289 0.0020268 0.0013498 0.0033856 0.0013498 0.0006755 0.0020268 0.0020268 0.0013511 0.0020269 0.0020269 0.0020299 0.0027055 0.0020269 0.0006748 0.0020269 0.0013497 0.0020290 0.0027055 0.0040756 0.0020268 0.0033890 0.0013498 0.0027082 0.0027082 0.0033888 0.0020268 0.0027082 0.0027081 0.0027082 0.0033924 0.0027111 0.0033924 0.0027120 0.0020315 0.0027109 0.0020323 0.0027082 0.0040708 0.0047644 0.0027109 0.0013498 0.0013528 0.0013497 0.0020268 0.0027146 0.0027111 0.0013512 0.0013503 0.0013511 0.0033997 0.0013512 0.0006768 
OM920077.1 0.0006742 0.0013498 0.0000000 0.0020290 0.0000010 0.0013526 0.0006742 0.0013499 0.0020290 0.0006749 0.0013498 0.0006758 0.0006742 0.0013512 0.0013529 0.0020289 0.0020289 0.0006749 0.0033926 0.0020337 0.0013526 0.0013498 0.0013498 0.0006745 0.0020305 0.0033928 0.0006749 0.0020306 0.0013512 0.0020269 0.0000027 0.0006774 0.0013526 0.0013512 0.0006745 0.0097778 0.0020269 0.0006749 0.0000010 0.0006742 0.0027176 0.0013512 0.0027112 0.0006749 0.0020269 0.0006749 0.0013498 0.0013498 0.0013498 0.0006742 0.0006742 0.0000027 0.0013526 0.0020269 0.0006742 0.0013522 0.0027084 0.0006769 0.0027129 0.0013498 0.0006742 0.0006742 0.0020291 0.0013498 0.0013512 0.0013526 0.0006744 0.0000026 0.0013529 0.0013498 0.0013512 0.0027100 0.0013530 0.0006742 0.0013498 0.0020269 0.0027120 0.0013530 0.0013522 0.0013498 0.0013512 0.0013498 0.0006749 0.0061922 0.0006772 0.0020324 0.0013499 0.0013512 0.0013521 0.0006748 0.0033856 0.0006749 0.0006742 0.0000010 0.0020268 0.0013530 0.0027163 0.0013530 0.0020290 0.0006742 0.0013512 0.0013512 0.0013498 0.0020291 0.0020303 0.0006758 0.0013512 0.0020276 0.0020290 0.0013531 0.0020324 0.0006759 0.0013498 0.0013512 0.0013512 0.0013498 0.0013512 0.0013498 0.0006749 0.0006753 0.0006742 0.0020291 0.0013498 0.0006742 0.0006742 0.0020269 0.0020315 0.0006742 0.0020290 0.0020269 0.0013498 0.0020271 0.0013498 0.0006756 0.0020269 0.0020269 0.0013512 0.0006742 0.0020270 0.0006752 0.0013499 0.0006742 0.0006748 0.0020270 0.0013498 0.0006749 0.0013499 0.0027114 0.0020269 0.0020291 0.0013498 0.0013512 0.0013512 0.0020290 0.0006742 0.0013512 0.0013512 0.0013512 0.0020311 0.0013527 0.0020311 0.0027121 0.0020316 0.0013526 0.0006760 0.0013512 0.0027082 0.0033960 0.0013526 0.0013498 0.0013529 0.0013498 0.0006742 0.0013544 0.0013527 0.0000026 0.0000010 0.0000026 0.0020355 0.0013512 0.0000027 
OM920078.1 0.0013512 0.0006748 0.0020290 0.0000000 0.0020290 0.0033960 0.0013512 0.0033892 0.0013498 0.0027111 0.0020290 0.0027147 0.0027084 0.0020310 0.0020337 0.0027109 0.0027109 0.0027112 0.0040799 0.0027173 0.0033960 0.0020290 0.0020289 0.0013518 0.0027131 0.0027084 0.0027111 0.0040787 0.0020310 0.0027082 0.0013545 0.0020398 0.0033960 0.0020312 0.0013518 0.0090588 0.0027082 0.0027111 0.0020312 0.0027084 0.0034043 0.0020310 0.0047650 0.0027111 0.0027082 0.0027112 0.0020290 0.0020290 0.0020289 0.0027084 0.0027084 0.0013574 0.0020333 0.0027082 0.0027082 0.0020325 0.0033926 0.0013565 0.0047680 0.0020290 0.0027084 0.0027084 0.0013498 0.0020290 0.0020312 0.0033958 0.0013517 0.0020311 0.0020337 0.0020290 0.0020312 0.0033947 0.0033970 0.0027084 0.0020289 0.0027082 0.0033972 0.0033970 0.0020325 0.0020289 0.0033926 0.0006748 0.0027111 0.0054920 0.0013575 0.0040823 0.0033892 0.0006742 0.0020324 0.0013526 0.0040713 0.0027112 0.0027084 0.0020298 0.0027081 0.0033970 0.0034026 0.0020338 0.0027111 0.0027082 0.0020310 0.0020310 0.0020290 0.0027112 0.0027128 0.0027147 0.0033924 0.0040725 0.0027111 0.0033972 0.0040823 0.0013547 0.0020290 0.0020310 0.0020310 0.0020290 0.0020310 0.0020289 0.0027112 0.0027129 0.0027082 0.0027112 0.0020289 0.0027082 0.0027082 0.0027082 0.0027144 0.0027084 0.0027111 0.0027082 0.0020290 0.0040715 0.0020290 0.0013540 0.0027082 0.0027082 0.0020310 0.0027084 0.0027084 0.0020299 0.0033892 0.0027084 0.0013526 0.0027084 0.0020289 0.0027112 0.0033892 0.0047653 0.0027082 0.0027055 0.0020290 0.0033926 0.0033926 0.0040754 0.0027082 0.0033926 0.0033924 0.0033926 0.0040798 0.0033962 0.0040798 0.0033974 0.0027146 0.0033960 0.0027157 0.0033926 0.0047596 0.0054569 0.0033960 0.0020290 0.0020337 0.0020289 0.0027082 0.0034006 0.0033962 0.0020312 0.0020298 0.0020311 0.0040885 0.0006742 0.0013574 
OM920079.1 0.0006742 0.0013498 0.0000010 0.0020290 0.0000000 0.0013526 0.0006742 0.0013499 0.0020290 0.0006749 0.0013498 0.0006758 0.0006742 0.0013512 0.0013529 0.0020289 0.0020289 0.0006749 0.0033926 0.0020337 0.0013526 0.0013498 0.0013498 0.0006745 0.0020305 0.0033928 0.0006749 0.0020306 0.0013512 0.0020269 0.0000027 0.0006774 0.0013526 0.0013512 0.0006745 0.0097778 0.0020269 0.0006749 0.0000010 0.0006742 0.0027176 0.0013512 0.0027112 0.0006749 0.0020269 0.0006749 0.0013498 0.0013498 0.0013498 0.0006742 0.0006742 0.0000027 0.0013526 0.0020269 0.0006742 0.0013522 0.0027084 0.0006769 0.0027129 0.0013498 0.0006742 0.0006742 0.0020291 0.0013498 0.0013512 0.0013526 0.0006744 0.0000026 0.0013529 0.0013498 0.0013512 0.0027100 0.0013530 0.0006742 0.0013498 0.0020269 0.0027120 0.0013530 0.0013522 0.0013498 0.0013512 0.0013498 0.0006749 0.0061922 0.0006772 0.0020324 0.0013499 0.0013512 0.0013521 0.0006748 0.0033856 0.0006749 0.0006742 0.0000010 0.0020268 0.0013530 0.0027163 0.0013530 0.0020290 0.0006742 0.0013512 0.0013512 0.0013498 0.0020291 0.0020303 0.0006758 0.0013512 0.0020276 0.0020290 0.0013531 0.0020324 0.0006759 0.0013498 0.0013512 0.0013512 0.0013498 0.0013512 0.0013498 0.0006749 0.0006753 0.0006742 0.0020291 0.0013498 0.0006742 0.0006742 0.0020269 0.0020315 0.0006742 0.0020290 0.0020269 0.0013498 0.0020271 0.0013498 0.0006756 0.0020269 0.0020269 0.0013512 0.0006742 0.0020270 0.0006752 0.0013499 0.0006742 0.0006748 0.0020270 0.0013498 0.0006749 0.0013499 0.0027114 0.0020269 0.0020291 0.0013498 0.0013512 0.0013512 0.0020290 0.0006742 0.0013512 0.0013512 0.0013512 0.0020311 0.0013527 0.0020311 0.0027121 0.0020316 0.0013526 0.0006760 0.0013512 0.0027082 0.0033960 0.0013526 0.0013498 0.0013529 0.0013498 0.0006742 0.0013544 0.0013527 0.0000026 0.0000010 0.0000026 0.0020355 0.0013512 0.0000027 
OM920080.1 0.0020310 0.0027109 0.0013526 0.0033960 0.0013526 0.0000000 0.0020310 0.0027112 0.0033960 0.0006748 0.0027111 0.0020359 0.0020311 0.0027138 0.0027173 0.0033958 0.0033958 0.0020333 0.0047700 0.0034038 0.0013525 0.0027111 0.0027109 0.0020320 0.0033985 0.0047701 0.0020332 0.0033987 0.0027138 0.0033924 0.0013559 0.0020418 0.0013525 0.0027139 0.0020320 0.0112242 0.0033924 0.0006748 0.0013540 0.0020311 0.0040938 0.0027138 0.0027111 0.0020332 0.0033924 0.0020333 0.0027111 0.0027111 0.0027109 0.0020311 0.0020311 0.0013587 0.0027167 0.0033924 0.0020310 0.0027158 0.0040798 0.0020394 0.0027127 0.0027111 0.0020311 0.0020311 0.0033962 0.0027111 0.0027139 0.0013525 0.0020318 0.0013540 0.0027173 0.0027111 0.0027139 0.0040823 0.0027174 0.0020311 0.0027109 0.0033924 0.0040853 0.0027174 0.0027158 0.0027109 0.0013512 0.0027109 0.0020332 0.0076011 0.0020406 0.0020323 0.0027112 0.0027139 0.0027156 0.0020331 0.0047599 0.0020333 0.0020311 0.0013531 0.0033922 0.0027174 0.0040917 0.0027174 0.0033960 0.0020310 0.0027138 0.0027138 0.0027111 0.0033962 0.0033981 0.0020359 0.0013511 0.0033936 0.0033960 0.0027176 0.0020323 0.0020363 0.0027111 0.0027138 0.0027138 0.0027111 0.0027138 0.0027109 0.0020333 0.0020345 0.0020310 0.0033962 0.0027109 0.0020310 0.0020310 0.0033924 0.0034002 0.0020311 0.0033960 0.0033924 0.0027111 0.0033928 0.0027111 0.0020353 0.0033924 0.0033924 0.0027138 0.0020311 0.0033926 0.0020342 0.0027112 0.0020311 0.0020331 0.0033926 0.0027109 0.0020333 0.0027112 0.0027112 0.0033924 0.0033962 0.0027111 0.0013512 0.0013512 0.0020289 0.0020310 0.0013512 0.0013511 0.0013512 0.0020310 0.0013526 0.0020310 0.0040855 0.0034004 0.0013525 0.0020366 0.0013512 0.0027080 0.0033958 0.0013525 0.0027111 0.0027173 0.0027109 0.0020310 0.0013543 0.0013526 0.0013540 0.0013531 0.0013540 0.0020353 0.0027139 0.0013587 
OM920081.1 0.0000010 0.0006741 0.0006742 0.0013512 0.0006742 0.0020310 0.0000000 0.0020270 0.0013512 0.0013512 0.0006742 0.0013530 0.0013498 0.0006748 0.0006757 0.0013511 0.0013511 0.0013512 0.0027105 0.0013543 0.0020310 0.0006742 0.0006741 0.0000010 0.0013522 0.0027112 0.0013512 0.0027103 0.0006748 0.0013498 0.0000027 0.0006774 0.0020310 0.0006749 0.0000010 0.0090690 0.0013498 0.0013512 0.0006749 0.0013498 0.0020359 0.0006748 0.0033926 0.0013512 0.0013498 0.0013512 0.0006742 0.0006742 0.0006741 0.0013498 0.0013498 0.0000027 0.0006756 0.0013498 0.0013498 0.0006753 0.0020290 0.0000022 0.0033947 0.0006742 0.0013498 0.0013498 0.0013512 0.0006742 0.0006749 0.0020310 0.0000010 0.0006748 0.0006757 0.0006742 0.0006749 0.0020303 0.0020316 0.0013498 0.0006741 0.0013498 0.0020317 0.0020316 0.0006753 0.0006741 0.0020290 0.0006741 0.0013512 0.0054980 0.0000027 0.0027127 0.0020270 0.0006749 0.0006753 0.0000026 0.0027055 0.0013512 0.0013498 0.0006744 0.0013497 0.0020316 0.0020349 0.0006757 0.0013512 0.0013498 0.0006748 0.0006748 0.0006742 0.0013512 0.0013520 0.0013530 0.0020289 0.0027063 0.0013512 0.0020317 0.0027127 0.0000010 0.0006742 0.0006748 0.0006748 0.0006742 0.0006748 0.0006741 0.0013512 0.0013521 0.0013498 0.0013512 0.0006741 0.0013498 0.0013498 0.0013498 0.0013528 0.0013498 0.0013512 0.0013498 0.0006742 0.0027056 0.0006742 0.0000010 0.0013498 0.0013498 0.0006748 0.0013498 0.0013498 0.0013518 0.0020270 0.0013498 0.0000026 0.0013498 0.0006741 0.0013512 0.0020270 0.0033928 0.0013498 0.0027084 0.0006742 0.0020290 0.0020290 0.0027082 0.0013498 0.0020290 0.0020289 0.0020290 0.0027111 0.0020312 0.0027111 0.0020318 0.0013529 0.0020310 0.0013534 0.0020290 0.0033888 0.0040795 0.0020310 0.0006742 0.0006757 0.0006741 0.0013498 0.0020338 0.0020312 0.0006749 0.0006744 0.0006748 0.0027168 0.0006749 0.0000027 
OM920084.1 0.0020270 0.0027055 0.0013499 0.0033892 0.0013499 0.0027112 0.0020270 0.0000000 0.0033892 0.0020291 0.0027056 0.0020319 0.0020271 0.0027083 0.0027119 0.0033890 0.0033890 0.0020292 0.0047603 0.0033970 0.0027112 0.0027056 0.0027055 0.0020279 0.0033917 0.0047604 0.0020291 0.0033919 0.0027083 0.0033856 0.0013532 0.0020377 0.0027112 0.0027085 0.0020279 0.0112000 0.0033856 0.0020291 0.0013513 0.0020271 0.0040855 0.0027083 0.0040759 0.0020291 0.0033856 0.0020292 0.0027056 0.0027056 0.0027055 0.0020271 0.0020271 0.0013560 0.0027113 0.0033856 0.0020270 0.0027103 0.0040715 0.0020353 0.0040784 0.0027056 0.0020271 0.0020271 0.0033894 0.0027056 0.0027085 0.0027105 0.0020278 0.0013513 0.0027119 0.0027056 0.0027085 0.0040740 0.0027120 0.0020271 0.0027055 0.0033856 0.0040770 0.0027120 0.0027103 0.0027055 0.0027085 0.0027055 0.0020291 0.0075852 0.0020365 0.0033949 0.0027058 0.0027085 0.0027102 0.0020291 0.0047502 0.0020292 0.0020271 0.0013504 0.0033854 0.0013531 0.0040835 0.0027120 0.0033892 0.0020270 0.0027083 0.0027083 0.0027056 0.0033894 0.0033913 0.0020319 0.0027083 0.0033867 0.0033892 0.0027122 0.0033949 0.0020323 0.0027056 0.0027083 0.0027083 0.0027056 0.0027083 0.0027055 0.0020292 0.0020305 0.0020270 0.0033894 0.0027055 0.0020270 0.0020270 0.0033856 0.0033934 0.0020271 0.0033892 0.0020270 0.0027056 0.0033860 0.0027056 0.0020312 0.0020270 0.0033856 0.0027083 0.0020271 0.0033858 0.0020301 0.0027058 0.0020271 0.0020291 0.0033858 0.0027055 0.0020292 0.0027058 0.0040761 0.0033856 0.0033894 0.0027056 0.0027085 0.0027085 0.0033892 0.0020270 0.0027085 0.0027083 0.0027085 0.0033928 0.0027114 0.0033928 0.0040773 0.0033936 0.0027112 0.0020325 0.0027085 0.0040713 0.0047650 0.0027112 0.0027056 0.0027119 0.0027055 0.0020270 0.0027149 0.0027114 0.0013514 0.0013504 0.0013513 0.0034000 0.0027085 0.0013560 
OM920085.1 0.0013512 0.0020289 0.0020290 0.0013498 0.0020290 0.0033960 0.0013512 0.0033892 0.0000000 0.0027111 0.0020290 0.0027147 0.0027084 0.0020310 0.0020337 0.0013525 0.0013525 0.0027112 0.0040799 0.0027173 0.0033960 0.0020290 0.0006748 0.0013518 0.0027131 0.0027084 0.0027111 0.0040787 0.0020310 0.0013512 0.0006761 0.0013584 0.0033960 0.0020312 0.0013518 0.0090588 0.0027082 0.0027111 0.0020312 0.0027084 0.0034043 0.0020310 0.0047650 0.0027111 0.0027082 0.0027112 0.0020290 0.0020290 0.0006748 0.0027084 0.0027084 0.0013574 0.0020333 0.0027082 0.0027082 0.0020325 0.0020312 0.0006776 0.0047680 0.0020290 0.0027084 0.0027084 0.0013498 0.0020290 0.0020312 0.0020331 0.0013517 0.0020311 0.0020337 0.0020290 0.0020312 0.0020324 0.0033970 0.0027084 0.0020289 0.0013512 0.0020339 0.0033970 0.0020325 0.0020289 0.0033926 0.0020289 0.0027111 0.0054920 0.0013575 0.0040823 0.0033892 0.0006742 0.0020324 0.0013526 0.0040713 0.0027112 0.0027084 0.0020298 0.0013511 0.0033970 0.0034026 0.0020338 0.0027111 0.0027082 0.0020310 0.0020310 0.0020290 0.0027112 0.0027128 0.0027147 0.0033924 0.0040725 0.0027111 0.0033972 0.0040823 0.0013547 0.0020290 0.0020310 0.0020310 0.0020290 0.0020310 0.0020289 0.0027112 0.0027129 0.0027082 0.0027112 0.0020289 0.0027082 0.0027082 0.0027082 0.0027144 0.0027084 0.0027111 0.0013512 0.0020290 0.0040715 0.0020290 0.0013540 0.0013512 0.0027082 0.0020310 0.0027084 0.0027084 0.0020299 0.0033892 0.0027084 0.0013526 0.0027084 0.0020289 0.0027112 0.0033892 0.0047653 0.0013512 0.0027055 0.0020290 0.0033926 0.0033926 0.0040754 0.0027082 0.0033926 0.0033924 0.0033926 0.0040798 0.0033962 0.0040798 0.0020340 0.0013543 0.0033960 0.0027157 0.0033926 0.0047596 0.0054569 0.0033960 0.0020290 0.0020337 0.0020289 0.0027082 0.0034006 0.0033962 0.0020312 0.0020298 0.0020311 0.0040885 0.0006742 0.0013574 
OM920088.1 0.0013512 0.0020289 0.0006749 0.0027111 0.0006749 0.0006748 0.0013512 0.0020291 0.0027111 0.0000000 0.0020290 0.0013544 0.0013512 0.0020310 0.0020337 0.0027109 0.0027109 0.0013527 0.0040798 0.0027173 0.0006748 0.0020290 0.0020289 0.0013518 0.0027131 0.0040800 0.0013526 0.0027132 0.0020310 0.0027082 0.0006761 0.0013583 0.0006748 0.0020312 0.0013518 0.0104994 0.0027082 0.0000010 0.0006756 0.0013512 0.0034042 0.0020310 0.0020290 0.0013526 0.0027082 0.0013527 0.0020290 0.0020290 0.0020289 0.0013512 0.0013512 0.0006776 0.0020332 0.0027082 0.0013512 0.0020325 0.0033926 0.0013565 0.0020302 0.0020290 0.0013512 0.0013512 0.0027112 0.0020290 0.0020312 0.0006748 0.0013517 0.0006755 0.0020337 0.0020290 0.0020312 0.0033947 0.0020338 0.0013512 0.0020289 0.0027082 0.0033972 0.0020338 0.0020325 0.0020289 0.0006742 0.0020289 0.0013526 0.0068951 0.0013575 0.0013520 0.0020291 0.0020312 0.0020324 0.0013526 0.0040713 0.0013527 0.0013512 0.0006751 0.0027081 0.0020338 0.0034025 0.0020338 0.0027111 0.0013512 0.0020310 0.0020310 0.0020290 0.0027112 0.0027127 0.0013544 0.0006741 0.0027091 0.0027111 0.0020339 0.0013520 0.0013547 0.0020290 0.0020310 0.0020310 0.0020290 0.0020310 0.0020289 0.0013527 0.0013535 0.0013512 0.0027112 0.0020289 0.0013512 0.0013512 0.0027082 0.0027144 0.0013512 0.0027111 0.0027082 0.0020290 0.0027085 0.0020290 0.0013540 0.0027082 0.0027082 0.0020310 0.0013512 0.0027083 0.0013532 0.0020291 0.0013512 0.0013526 0.0027083 0.0020289 0.0013527 0.0020291 0.0020291 0.0027082 0.0027112 0.0020290 0.0006742 0.0006742 0.0013497 0.0013512 0.0006742 0.0006741 0.0006742 0.0013512 0.0006749 0.0013512 0.0033974 0.0027146 0.0006748 0.0013549 0.0006742 0.0020268 0.0027109 0.0006748 0.0020290 0.0020337 0.0020289 0.0013512 0.0006757 0.0006749 0.0006756 0.0006751 0.0006755 0.0013540 0.0020312 0.0006776 
OM920090.1 0.0006742 0.0013498 0.0013498 0.0020290 0.0013498 0.0027111 0.0006742 0.0027056 0.0020290 0.0020290 0.0000000 0.0020317 0.0020270 0.0013512 0.0013529 0.0020289 0.0020289 0.0020291 0.0033926 0.0020337 0.0027111 0.0013498 0.0013498 0.0006745 0.0020305 0.0033928 0.0020290 0.0033917 0.0013512 0.0020269 0.0006753 0.0013570 0.0027111 0.0013512 0.0006745 0.0097778 0.0020269 0.0020290 0.0013513 0.0020270 0.0027176 0.0013512 0.0040756 0.0020290 0.0020269 0.0020291 0.0013498 0.0013498 0.0013498 0.0020270 0.0020270 0.0006769 0.0013526 0.0020269 0.0020269 0.0013522 0.0027084 0.0006769 0.0040782 0.0013498 0.0020270 0.0020270 0.0020291 0.0013498 0.0013512 0.0027104 0.0006744 0.0013512 0.0013529 0.0013498 0.0013512 0.0027100 0.0027119 0.0020270 0.0013498 0.0020269 0.0027120 0.0027119 0.0013522 0.0013498 0.0027083 0.0013498 0.0020290 0.0061922 0.0000027 0.0033947 0.0027056 0.0013512 0.0013521 0.0006748 0.0020270 0.0020291 0.0020270 0.0013504 0.0020268 0.0027119 0.0027163 0.0013530 0.0020290 0.0020269 0.0013512 0.0013512 0.0013498 0.0020291 0.0020303 0.0020317 0.0027082 0.0033866 0.0020290 0.0027120 0.0033947 0.0006759 0.0013498 0.0013512 0.0013512 0.0013498 0.0013512 0.0013498 0.0020291 0.0020304 0.0020269 0.0020291 0.0013498 0.0020269 0.0020269 0.0020269 0.0020315 0.0020270 0.0020290 0.0020269 0.0013498 0.0033858 0.0013498 0.0006756 0.0020269 0.0020269 0.0013512 0.0020270 0.0020270 0.0020300 0.0027056 0.0020270 0.0006748 0.0020270 0.0013498 0.0020291 0.0027056 0.0040759 0.0020269 0.0033892 0.0013498 0.0027083 0.0027083 0.0033890 0.0020269 0.0027083 0.0027082 0.0027083 0.0033926 0.0027112 0.0033926 0.0027121 0.0020316 0.0027111 0.0020324 0.0027083 0.0040711 0.0047647 0.0027111 0.0013498 0.0013529 0.0013498 0.0020269 0.0027147 0.0027112 0.0013513 0.0013504 0.0013512 0.0033999 0.0013512 0.0006769 
OM920091.1 0.0013530 0.0020316 0.0006758 0.0027147 0.0006758 0.0020359 0.0013530 0.0020319 0.0027147 0.0013544 0.0020317 0.0000000 0.0013531 0.0020338 0.0020364 0.0027146 0.0027146 0.0013545 0.0040854 0.0027210 0.0020359 0.0020317 0.0020316 0.0013536 0.0027167 0.0040855 0.0013544 0.0027169 0.0020338 0.0027119 0.0006771 0.0013601 0.0020359 0.0020339 0.0013536 0.0105141 0.0027119 0.0013544 0.0006765 0.0013531 0.0034089 0.0020338 0.0034008 0.0013544 0.0027119 0.0013545 0.0020317 0.0020317 0.0020316 0.0013531 0.0013531 0.0006786 0.0020360 0.0027119 0.0013530 0.0020353 0.0033972 0.0013583 0.0034029 0.0020317 0.0013531 0.0013531 0.0027149 0.0020317 0.0020339 0.0020359 0.0013535 0.0006765 0.0020364 0.0020317 0.0020339 0.0033993 0.0020365 0.0013531 0.0020316 0.0027119 0.0034018 0.0020365 0.0020353 0.0020316 0.0020339 0.0020316 0.0013544 0.0069046 0.0013593 0.0027193 0.0020319 0.0020339 0.0020351 0.0013544 0.0040768 0.0013545 0.0013531 0.0006760 0.0027117 0.0020365 0.0034072 0.0020365 0.0027147 0.0013530 0.0020338 0.0020338 0.0020317 0.0027149 0.0027164 0.0013562 0.0020338 0.0027128 0.0027147 0.0020366 0.0027193 0.0013565 0.0020317 0.0020338 0.0020338 0.0020317 0.0020338 0.0020316 0.0013545 0.0013553 0.0013530 0.0027149 0.0020316 0.0013530 0.0013530 0.0027119 0.0027181 0.0013531 0.0027147 0.0027119 0.0020317 0.0027122 0.0020317 0.0013558 0.0027119 0.0027119 0.0020338 0.0013531 0.0027120 0.0013541 0.0020319 0.0013531 0.0013544 0.0027120 0.0020316 0.0013545 0.0020319 0.0034010 0.0027119 0.0027149 0.0020317 0.0020339 0.0020339 0.0027147 0.0013530 0.0020339 0.0020338 0.0020339 0.0027176 0.0020360 0.0027176 0.0034020 0.0027182 0.0020359 0.0013567 0.0020339 0.0033970 0.0040894 0.0020359 0.0020317 0.0020364 0.0020316 0.0013530 0.0020387 0.0020360 0.0006765 0.0006760 0.0006765 0.0027234 0.0020339 0.0006786 
OM920092.1 0.0013498 0.0020269 0.0006742 0.0027084 0.0006742 0.0020311 0.0013498 0.0020271 0.0027084 0.0013512 0.0020270 0.0013531 0.0000000 0.0020290 0.0020316 0.0027082 0.0027082 0.0013513 0.0040757 0.0027146 0.0020311 0.0020270 0.0020269 0.0013504 0.0027103 0.0040759 0.0013512 0.0027105 0.0020290 0.0027055 0.0006753 0.0013570 0.0020311 0.0020291 0.0013504 0.0104881 0.0027055 0.0013512 0.0006749 0.0013499 0.0034008 0.0020290 0.0033928 0.0013512 0.0027055 0.0013513 0.0006742 0.0006742 0.0020269 0.0013499 0.0013499 0.0006769 0.0020312 0.0027055 0.0013498 0.0020305 0.0033892 0.0013551 0.0033949 0.0020270 0.0013499 0.0013499 0.0027085 0.0020270 0.0020291 0.0020311 0.0013504 0.0006749 0.0020316 0.0020270 0.0020291 0.0033913 0.0020317 0.0013499 0.0020269 0.0027055 0.0033937 0.0020317 0.0020305 0.0020269 0.0020291 0.0020269 0.0013512 0.0068880 0.0013562 0.0027129 0.0020271 0.0020291 0.0020304 0.0013512 0.0040672 0.0013513 0.0013499 0.0006745 0.0027054 0.0020317 0.0033991 0.0020317 0.0027084 0.0013498 0.0020290 0.0020290 0.0020270 0.0027085 0.0027100 0.0013531 0.0020290 0.0027064 0.0013512 0.0020319 0.0027129 0.0013533 0.0020270 0.0020290 0.0020290 0.0020270 0.0020290 0.0020269 0.0013513 0.0013521 0.0013498 0.0013513 0.0020269 0.0013498 0.0013498 0.0027055 0.0027117 0.0013499 0.0027083 0.0027055 0.0020270 0.0027058 0.0020270 0.0013526 0.0027055 0.0027055 0.0020290 0.0013499 0.0027056 0.0013519 0.0020271 0.0013499 0.0013512 0.0027056 0.0020269 0.0013513 0.0020271 0.0033930 0.0027055 0.0027085 0.0020270 0.0020291 0.0020291 0.0027083 0.0013498 0.0020291 0.0020290 0.0020291 0.0027112 0.0020313 0.0027112 0.0033940 0.0027119 0.0020311 0.0013535 0.0020291 0.0033890 0.0040798 0.0020311 0.0020270 0.0020316 0.0020269 0.0013498 0.0020339 0.0020313 0.0006749 0.0006745 0.0006749 0.0027170 0.0020291 0.0006769 
OM920094.1 0.0006748 0.0013511 0.0013512 0.0020310 0.0013512 0.0027138 0.0006748 0.0027083 0.0020310 0.0020310 0.0013512 0.0020338 0.0020290 0.0000000 0.0013543 0.0020309 0.0020309 0.0020312 0.0033960 0.0020357 0.0027138 0.0013512 0.0013511 0.0006751 0.0020325 0.0033962 0.0020310 0.0033951 0.0013525 0.0020289 0.0006761 0.0013583 0.0027138 0.0013526 0.0006751 0.0097882 0.0020289 0.0020310 0.0013526 0.0020290 0.0027203 0.0013525 0.0040798 0.0020310 0.0020289 0.0020312 0.0013512 0.0013512 0.0013511 0.0020290 0.0020290 0.0006776 0.0013540 0.0020289 0.0020289 0.0013535 0.0027111 0.0006776 0.0040823 0.0013512 0.0020290 0.0020290 0.0020312 0.0013512 0.0013526 0.0027131 0.0006751 0.0013526 0.0013543 0.0013512 0.0013526 0.0027127 0.0027146 0.0020290 0.0013511 0.0020289 0.0027147 0.0027146 0.0013535 0.0013511 0.0027111 0.0013511 0.0020310 0.0061986 0.0006779 0.0033981 0.0027083 0.0013526 0.0013534 0.0006755 0.0033890 0.0020312 0.0020290 0.0013517 0.0020288 0.0027146 0.0027190 0.0013543 0.0020310 0.0020289 0.0013525 0.0013525 0.0013512 0.0020312 0.0020323 0.0020338 0.0027109 0.0033900 0.0020310 0.0027147 0.0033981 0.0006766 0.0013512 0.0013525 0.0013525 0.0013512 0.0000010 0.0013511 0.0020312 0.0020324 0.0020289 0.0020312 0.0013511 0.0020289 0.0020289 0.0020289 0.0020336 0.0020290 0.0020310 0.0020289 0.0013512 0.0033892 0.0013512 0.0006762 0.0020289 0.0020289 0.0013525 0.0020290 0.0020290 0.0020320 0.0027083 0.0020290 0.0006755 0.0020290 0.0013511 0.0020312 0.0027083 0.0040800 0.0020289 0.0033926 0.0013512 0.0027111 0.0027111 0.0033924 0.0020289 0.0027111 0.0027109 0.0027111 0.0033960 0.0027139 0.0033960 0.0027149 0.0020337 0.0027138 0.0020345 0.0027111 0.0040752 0.0047695 0.0027138 0.0013512 0.0013543 0.0013511 0.0020289 0.0027174 0.0027139 0.0013526 0.0013517 0.0013526 0.0034033 0.0013526 0.0006776 
OM920095.1 0.0006757 0.0013528 0.0013529 0.0020337 0.0013529 0.0027173 0.0006757 0.0027119 0.0020337 0.0020337 0.0013529 0.0020364 0.0020316 0.0013543 0.0000000 0.0020336 0.0020336 0.0020338 0.0034004 0.0006752 0.0027173 0.0013529 0.0013528 0.0006760 0.0020352 0.0034006 0.0020337 0.0033995 0.0013543 0.0020315 0.0006770 0.0013601 0.0027173 0.0013543 0.0006760 0.0098014 0.0020315 0.0020337 0.0013544 0.0020316 0.0027239 0.0013543 0.0040851 0.0020337 0.0020315 0.0020338 0.0013529 0.0013529 0.0013528 0.0020316 0.0020316 0.0006785 0.0013557 0.0020315 0.0020315 0.0013552 0.0027146 0.0006785 0.0040876 0.0013529 0.0020316 0.0020316 0.0020338 0.0013529 0.0013543 0.0027167 0.0006760 0.0013543 0.0000010 0.0013529 0.0013543 0.0027163 0.0020303 0.0020316 0.0013528 0.0020315 0.0027182 0.0020303 0.0013552 0.0013528 0.0027146 0.0013528 0.0020337 0.0062068 0.0006788 0.0034025 0.0027119 0.0013543 0.0013552 0.0006764 0.0033934 0.0020338 0.0020316 0.0013534 0.0020314 0.0027181 0.0013528 0.0013561 0.0020337 0.0020315 0.0013543 0.0013543 0.0013529 0.0020338 0.0020349 0.0020364 0.0027144 0.0033944 0.0020337 0.0027182 0.0034025 0.0006775 0.0013529 0.0013543 0.0013543 0.0013529 0.0013543 0.0013528 0.0020338 0.0020350 0.0020315 0.0020338 0.0013528 0.0020315 0.0020315 0.0020315 0.0020362 0.0020316 0.0020337 0.0020315 0.0013529 0.0033936 0.0013529 0.0006771 0.0020315 0.0020315 0.0013543 0.0020316 0.0020316 0.0020347 0.0027119 0.0020316 0.0006764 0.0020316 0.0013528 0.0020338 0.0027119 0.0040853 0.0020315 0.0033970 0.0013529 0.0027146 0.0027146 0.0033968 0.0020315 0.0027146 0.0027144 0.0027146 0.0034004 0.0027175 0.0034004 0.0027184 0.0020363 0.0027173 0.0020371 0.0027146 0.0040805 0.0047758 0.0027173 0.0013529 0.0013560 0.0013528 0.0020315 0.0027210 0.0027175 0.0013544 0.0013534 0.0013543 0.0034077 0.0013543 0.0006785 
OM920096.1 0.0013511 0.0020288 0.0020289 0.0027109 0.0020289 0.0033958 0.0013511 0.0033890 0.0013525 0.0027109 0.0020289 0.0027146 0.0027082 0.0020309 0.0020336 0.0000000 0.0000010 0.0027111 0.0040796 0.0027171 0.0033958 0.0020289 0.0006748 0.0013517 0.0027129 0.0040798 0.0027109 0.0040784 0.0020309 0.0013511 0.0006761 0.0013583 0.0033958 0.0020310 0.0013517 0.0104988 0.0027081 0.0027109 0.0020311 0.0027082 0.0034041 0.0020309 0.0047647 0.0027109 0.0027081 0.0027111 0.0020289 0.0020289 0.0006748 0.0027082 0.0027082 0.0013573 0.0020331 0.0027081 0.0027081 0.0020324 0.0020310 0.0006776 0.0047677 0.0020289 0.0027082 0.0027082 0.0027111 0.0020289 0.0020310 0.0020330 0.0013516 0.0020310 0.0020336 0.0020289 0.0020310 0.0020323 0.0033968 0.0027082 0.0020288 0.0013511 0.0020337 0.0033968 0.0020324 0.0020288 0.0033924 0.0020288 0.0027109 0.0068948 0.0013574 0.0040821 0.0033890 0.0020310 0.0020323 0.0013525 0.0040711 0.0027111 0.0027082 0.0020297 0.0013510 0.0033968 0.0034024 0.0020337 0.0027109 0.0027081 0.0020309 0.0020309 0.0020289 0.0027111 0.0027126 0.0027146 0.0033922 0.0040722 0.0027109 0.0033970 0.0040821 0.0013546 0.0020289 0.0020309 0.0020309 0.0020289 0.0020309 0.0020288 0.0027111 0.0027127 0.0027081 0.0027111 0.0020288 0.0027081 0.0027081 0.0027081 0.0027143 0.0027082 0.0027109 0.0013511 0.0020289 0.0040713 0.0020289 0.0013539 0.0013511 0.0027081 0.0020309 0.0027082 0.0027082 0.0027116 0.0033890 0.0027082 0.0013525 0.0027082 0.0020288 0.0027111 0.0033890 0.0047650 0.0013511 0.0040754 0.0020289 0.0033924 0.0033924 0.0040752 0.0027081 0.0033924 0.0033922 0.0033924 0.0040795 0.0033960 0.0040795 0.0020339 0.0013543 0.0033958 0.0027155 0.0033924 0.0047593 0.0054566 0.0033958 0.0020289 0.0020336 0.0020288 0.0027081 0.0034004 0.0033960 0.0020311 0.0020297 0.0020310 0.0040883 0.0020310 0.0013573 
OM920097.1 0.0013511 0.0020288 0.0020289 0.0027109 0.0020289 0.0033958 0.0013511 0.0033890 0.0013525 0.0027109 0.0020289 0.0027146 0.0027082 0.0020309 0.0020336 0.0000010 0.0000000 0.0027111 0.0040796 0.0027171 0.0033958 0.0020289 0.0006748 0.0013517 0.0027129 0.0040798 0.0027109 0.0040784 0.0020309 0.0013511 0.0006761 0.0013583 0.0033958 0.0020310 0.0013517 0.0104988 0.0027081 0.0027109 0.0020311 0.0027082 0.0034041 0.0020309 0.0047647 0.0027109 0.0027081 0.0027111 0.0020289 0.0020289 0.0006748 0.0027082 0.0027082 0.0013573 0.0020331 0.0027081 0.0027081 0.0020324 0.0020310 0.0006776 0.0047677 0.0020289 0.0027082 0.0027082 0.0027111 0.0020289 0.0020310 0.0020330 0.0013516 0.0020310 0.0020336 0.0020289 0.0020310 0.0020323 0.0033968 0.0027082 0.0020288 0.0013511 0.0020337 0.0033968 0.0020324 0.0020288 0.0033924 0.0020288 0.0027109 0.0068948 0.0013574 0.0040821 0.0033890 0.0020310 0.0020323 0.0013525 0.0040711 0.0027111 0.0027082 0.0020297 0.0013510 0.0033968 0.0034024 0.0020337 0.0027109 0.0027081 0.0020309 0.0020309 0.0020289 0.0027111 0.0027126 0.0027146 0.0033922 0.0040722 0.0027109 0.0033970 0.0040821 0.0013546 0.0020289 0.0020309 0.0020309 0.0020289 0.0020309 0.0020288 0.0027111 0.0027127 0.0027081 0.0027111 0.0020288 0.0027081 0.0027081 0.0027081 0.0027143 0.0027082 0.0027109 0.0013511 0.0020289 0.0040713 0.0020289 0.0013539 0.0013511 0.0027081 0.0020309 0.0027082 0.0027082 0.0027116 0.0033890 0.0027082 0.0013525 0.0027082 0.0020288 0.0027111 0.0033890 0.0047650 0.0013511 0.0040754 0.0020289 0.0033924 0.0033924 0.0040752 0.0027081 0.0033924 0.0033922 0.0033924 0.0040795 0.0033960 0.0040795 0.0020339 0.0013543 0.0033958 0.0027155 0.0033924 0.0047593 0.0054566 0.0033958 0.0020289 0.0020336 0.0020288 0.0027081 0.0034004 0.0033960 0.0020311 0.0020297 0.0020310 0.0040883 0.0020310 0.0013573 
OM920098.1 0.0013512 0.0020290 0.0006749 0.0027112 0.0006749 0.0020333 0.0013512 0.0020292 0.0027112 0.0013527 0.0020291 0.0013545 0.0013513 0.0020312 0.0020338 0.0027111 0.0027111 0.0000000 0.0040801 0.0027175 0.0020333 0.0020291 0.0020290 0.0013519 0.0027132 0.0040803 0.0013527 0.0027134 0.0020312 0.0027084 0.0006761 0.0013584 0.0020333 0.0006742 0.0013519 0.0105001 0.0027084 0.0013527 0.0006756 0.0013513 0.0034045 0.0020312 0.0033964 0.0013527 0.0027084 0.0013527 0.0020291 0.0020291 0.0020290 0.0013513 0.0013513 0.0006776 0.0020334 0.0027084 0.0013512 0.0020326 0.0033928 0.0013566 0.0033985 0.0020291 0.0013513 0.0013513 0.0027114 0.0020291 0.0020313 0.0020332 0.0013518 0.0006756 0.0020338 0.0020291 0.0020313 0.0033949 0.0020339 0.0013513 0.0020290 0.0027084 0.0033974 0.0020339 0.0020326 0.0020290 0.0020313 0.0020290 0.0013527 0.0068956 0.0013576 0.0027158 0.0020292 0.0020313 0.0020325 0.0013526 0.0040715 0.0013527 0.0013513 0.0006752 0.0027082 0.0020339 0.0034027 0.0020339 0.0027112 0.0013512 0.0020312 0.0020312 0.0020291 0.0027114 0.0027129 0.0013545 0.0020312 0.0027093 0.0027112 0.0020340 0.0027158 0.0013548 0.0020291 0.0020312 0.0020312 0.0020291 0.0020312 0.0020290 0.0013527 0.0013536 0.0013512 0.0027114 0.0020290 0.0013512 0.0013512 0.0027084 0.0027146 0.0013513 0.0027112 0.0027084 0.0020291 0.0027087 0.0020291 0.0013541 0.0027084 0.0027084 0.0020312 0.0013513 0.0027085 0.0013533 0.0020292 0.0013513 0.0013526 0.0027085 0.0020290 0.0013527 0.0020292 0.0033966 0.0027084 0.0027114 0.0020291 0.0020313 0.0020313 0.0027112 0.0013512 0.0020313 0.0020312 0.0020313 0.0027141 0.0006749 0.0027141 0.0033976 0.0027147 0.0020333 0.0013549 0.0020313 0.0033926 0.0040841 0.0020333 0.0020291 0.0020338 0.0020290 0.0013512 0.0020360 0.0020334 0.0006756 0.0006752 0.0006756 0.0013541 0.0020313 0.0006776 
OM920099.1 0.0027105 0.0033924 0.0033926 0.0040799 0.0033926 0.0047700 0.0027105 0.0047603 0.0040799 0.0040798 0.0033926 0.0040854 0.0040757 0.0033960 0.0034004 0.0040796 0.0040796 0.0040801 0.0000000 0.0040893 0.0047700 0.0033926 0.0033924 0.0027118 0.0040829 0.0054579 0.0040798 0.0054560 0.0033960 0.0040755 0.0027174 0.0034108 0.0047700 0.0033962 0.0027118 0.0112130 0.0040755 0.0040798 0.0033962 0.0040757 0.0047817 0.0033960 0.0061465 0.0040798 0.0040755 0.0040801 0.0033926 0.0033926 0.0033924 0.0040757 0.0040757 0.0027231 0.0033997 0.0040755 0.0040755 0.0033985 0.0047652 0.0027222 0.0061504 0.0033926 0.0040757 0.0040757 0.0040801 0.0033926 0.0033962 0.0047697 0.0027116 0.0033962 0.0034004 0.0033926 0.0033962 0.0047681 0.0047713 0.0040757 0.0033924 0.0040755 0.0047716 0.0047713 0.0033985 0.0033924 0.0047651 0.0033924 0.0040798 0.0083019 0.0027239 0.0054609 0.0047603 0.0033962 0.0033983 0.0027138 0.0054461 0.0040801 0.0040757 0.0033939 0.0040753 0.0047713 0.0047792 0.0034006 0.0040799 0.0040755 0.0033960 0.0033960 0.0033926 0.0040801 0.0040824 0.0040854 0.0047649 0.0054476 0.0040798 0.0047716 0.0054609 0.0027176 0.0033926 0.0033960 0.0033960 0.0033926 0.0033960 0.0033924 0.0040801 0.0040826 0.0040755 0.0040801 0.0033924 0.0040755 0.0040755 0.0040755 0.0040849 0.0040757 0.0040798 0.0040755 0.0033926 0.0054464 0.0033926 0.0027162 0.0040755 0.0040755 0.0033960 0.0040757 0.0040757 0.0040817 0.0047603 0.0040757 0.0027138 0.0040757 0.0033924 0.0040801 0.0047603 0.0061468 0.0040755 0.0054520 0.0033926 0.0047651 0.0047651 0.0054516 0.0040755 0.0047651 0.0047649 0.0047651 0.0054575 0.0047703 0.0054575 0.0047719 0.0040851 0.0047700 0.0040868 0.0047651 0.0061395 0.0068435 0.0047700 0.0033926 0.0034004 0.0033924 0.0040755 0.0047765 0.0047703 0.0033964 0.0033939 0.0033962 0.0054693 0.0033962 0.0027231 
OM920101.1 0.0013543 0.0020336 0.0020337 0.0027173 0.0020337 0.0034038 0.0013543 0.0033970 0.0027173 0.0027173 0.0020337 0.0027210 0.0027146 0.0020357 0.0006752 0.0027171 0.0027171 0.0027175 0.0040893 0.0000000 0.0034038 0.0020337 0.0020336 0.0013549 0.0027193 0.0040895 0.0027173 0.0040881 0.0020357 0.0027144 0.0013576 0.0020445 0.0034038 0.0020358 0.0013549 0.0105248 0.0027144 0.0027173 0.0020358 0.0027146 0.0034121 0.0020357 0.0047760 0.0027173 0.0027144 0.0027175 0.0020337 0.0020337 0.0020336 0.0027146 0.0027146 0.0013605 0.0020379 0.0027144 0.0027144 0.0020372 0.0034004 0.0013596 0.0047790 0.0020337 0.0027146 0.0027146 0.0027175 0.0020337 0.0020358 0.0034036 0.0013548 0.0020358 0.0006752 0.0020337 0.0020358 0.0034025 0.0027127 0.0027146 0.0020336 0.0027144 0.0034050 0.0027127 0.0020372 0.0020336 0.0034004 0.0020336 0.0027173 0.0069114 0.0013606 0.0040917 0.0033970 0.0020358 0.0020371 0.0013548 0.0040807 0.0027175 0.0027146 0.0020345 0.0027143 0.0034048 0.0020336 0.0020384 0.0027173 0.0027144 0.0020357 0.0020357 0.0020337 0.0027175 0.0027190 0.0027210 0.0034002 0.0040819 0.0027173 0.0034050 0.0040917 0.0013578 0.0020337 0.0020357 0.0020357 0.0020337 0.0020357 0.0020336 0.0027175 0.0027191 0.0027144 0.0027175 0.0020336 0.0027144 0.0027144 0.0027144 0.0027207 0.0027146 0.0027173 0.0027144 0.0020337 0.0040809 0.0020337 0.0013571 0.0027144 0.0027144 0.0020357 0.0027146 0.0027146 0.0027181 0.0033970 0.0027146 0.0013548 0.0027146 0.0020336 0.0027175 0.0033970 0.0047763 0.0027144 0.0040851 0.0020337 0.0034004 0.0034004 0.0040848 0.0027144 0.0034004 0.0034002 0.0034004 0.0040892 0.0034041 0.0040892 0.0034052 0.0027208 0.0034038 0.0027219 0.0034004 0.0047706 0.0054696 0.0034038 0.0020337 0.0020383 0.0020336 0.0027144 0.0034085 0.0034041 0.0020359 0.0020345 0.0020358 0.0040980 0.0020358 0.0013605 
OM920105.1 0.0020310 0.0027109 0.0013526 0.0033960 0.0013526 0.0013525 0.0020310 0.0027112 0.0033960 0.0006748 0.0027111 0.0020359 0.0020311 0.0027138 0.0027173 0.0033958 0.0033958 0.0020333 0.0047700 0.0034038 0.0000000 0.0027111 0.0027109 0.0020320 0.0033985 0.0047701 0.0020332 0.0033987 0.0027138 0.0033924 0.0013559 0.0020418 0.0000010 0.0027139 0.0020320 0.0112242 0.0033924 0.0006748 0.0013540 0.0020311 0.0040938 0.0027138 0.0027111 0.0020332 0.0033924 0.0020333 0.0027111 0.0027111 0.0027109 0.0020311 0.0020311 0.0013587 0.0027167 0.0033924 0.0020310 0.0027158 0.0040798 0.0020394 0.0027127 0.0027111 0.0020311 0.0020311 0.0033962 0.0027111 0.0027139 0.0013525 0.0020318 0.0013540 0.0027173 0.0027111 0.0027139 0.0040823 0.0027174 0.0020311 0.0027109 0.0033924 0.0040853 0.0027174 0.0027158 0.0027109 0.0013512 0.0027109 0.0020332 0.0076011 0.0020406 0.0020323 0.0027112 0.0027139 0.0027156 0.0020331 0.0047599 0.0020333 0.0020311 0.0013531 0.0033922 0.0027174 0.0040917 0.0027174 0.0033960 0.0020310 0.0027138 0.0027138 0.0027111 0.0033962 0.0033981 0.0020359 0.0013511 0.0033936 0.0033960 0.0027176 0.0020323 0.0020363 0.0027111 0.0027138 0.0027138 0.0027111 0.0027138 0.0027109 0.0020333 0.0020345 0.0020310 0.0033962 0.0027109 0.0020310 0.0020310 0.0033924 0.0034002 0.0020311 0.0033960 0.0033924 0.0027111 0.0033928 0.0027111 0.0020353 0.0033924 0.0033924 0.0027138 0.0020311 0.0033926 0.0020342 0.0027112 0.0020311 0.0020331 0.0033926 0.0027109 0.0020333 0.0027112 0.0027112 0.0033924 0.0033962 0.0027111 0.0013512 0.0013512 0.0020289 0.0020310 0.0013512 0.0013511 0.0013512 0.0006741 0.0013526 0.0020310 0.0040855 0.0034004 0.0013525 0.0020366 0.0013512 0.0027080 0.0033958 0.0013525 0.0027111 0.0027173 0.0027109 0.0020310 0.0013543 0.0013526 0.0013540 0.0013531 0.0013540 0.0020353 0.0027139 0.0013587 
