7
OM920037.1 0.0000000 0.0033918 0.0013549 0.0006766 0.0006770 0.0006766 0.0013540 
OM920038.1 0.0033918 0.0000000 0.0033936 0.0027116 0.0027131 0.0027116 0.0033916 
OM920039.1 0.0013549 0.0033936 0.0000000 0.0006769 0.0006773 0.0006769 0.0013548 
OM920040.1 0.0006766 0.0027116 0.0006769 0.0000000 0.0000010 0.0000010 0.0006765 
OM920041.1 0.0006770 0.0027131 0.0006773 0.0000010 0.0000000 0.0000010 0.0006769 
OM920042.1 0.0006766 0.0027116 0.0006769 0.0000010 0.0000010 0.0000000 0.0006765 
OM920044.1 0.0013540 0.0033916 0.0013548 0.0006765 0.0006769 0.0006765 0.0000000 
